start=81.200000
speed=3.138428
