start=1.960000
volume=130.000000
