start=7326.861208
speed=1.331000
