start=88.255000
panscan=0.000000
sid=no
sub-delay=0.000000
sub-ass-override=no
