start=9254.954955
speed=1.771561
fullscreen=yes
panscan=0.100000
