start=1.833333
speed=1.610510
