start=10.369922
speed=2.593742
