start=3.200000
speed=1.610510
