start=437.500000
pause=yes
volume=42.000000
