start=9.456556
volume=130.000000
