start=6044.611278
speed=1.771561
