start=84.700000
speed=3.138428
