start=168.933333
ab-loop-a=104.366667
ab-loop-b=105.766667
