start=1172.371200
speed=1.610510
fullscreen=yes
