start=2688.200000
volume=130.000000
