start=8.675322
fullscreen=yes
sub-delay=0.100000
