start=6.736275
speed=3.138428
