start=8839.520000
speed=1.464100
