start=217.489889
volume=130.000000
fullscreen=yes
