start=6776.200000
volume=130.000000
