start=1.157000
volume=130.000000
