start=2604.640000
speed=1.610510
