start=2555.993000
volume=130.000000
