start=3613.847181
panscan=0.200000
