start=12.100000
speed=4.594973
