start=366.680000
fullscreen=yes
sub-scale=0.200000
