start=0.466667
volume=130.000000
