start=268.768500
volume=130.000000
