start=1069.040000
volume=104.000000
fullscreen=yes
