start=2865.134989
speed=1.331000
aid=2
sid=37
sub-scale=0.700000
sub-ass-override=no
