start=6.875000
speed=1.610510
