start=5.171839
speed=1.610510
