start=815.875000
speed=9.849733
ontop=yes
