start=405.575000
volume=58.000000
