start=3.420083
sub-delay=0.100000
