start=297.088000
sub-delay=0.100000
