start=652.052052
speed=1.100000
