start=99.733066
speed=2.853117
pause=yes
