start=11.930000
speed=1.948717
