start=240.000000
volume=102.000000
sid=no
